979 2091 594
979 2094 668
1039 2243 619
1039 2244 620
1039 2170 641
1039 2245 640
1043 2254 611
1043 2255 621
1043 2256 662
1043 2257 660
1055 2288 643
1055 2289 645
1069 2318 642
1069 2291 643
1071 2324 635
1071 2325 632
1071 2326 615
1071 2327 638
1077 2337 658
1077 2338 646
1077 2257 611
1077 2339 660
1087 2365 620
1087 2366 617
1087 2367 642
1087 2244 641
1119 2453 611
1119 2454 618
1119 2455 617
1119 2456 634
1125 2466 594
1127 2470 662
1127 2256 660
1133 2454 617
1133 2482 618
1133 2318 643
1133 2366 642
1165 2546 616
1165 2245 619
1165 2533 640
1165 2547 639
1176 2577 645
1181 2586 631
1181 2587 624
1181 2325 615
1181 2588 632
1185 2597 623
1185 2598 626
1185 2599 622
1185 2600 625
1203 2638 630
1203 2254 621
1203 2639 611
1203 2640 609
1215 2663 615
1215 2600 623
1215 2664 625
1215 2665 614
1217 2669 666
1217 2093 668
1225 2688 662
1225 2689 664
1227 2338 611
1227 2692 646
1227 2693 644
1227 2453 618
1229 2365 617
1229 2696 620
1229 2697 648
1229 2455 634
1239 2717 595
1239 2466 590
1239 2718 594
1239 2719 631
1251 2693 618
1251 2741 644
1251 2288 645
1251 2482 643
1257 2754 615
1257 2755 686
1257 2756 616
1257 2757 636
1268 2782 666
1268 2783 628
1268 2784 622
1268 2669 668
1269 2094 594
1269 2785 668
1269 2786 626
1269 2718 631
1271 2789 647
1271 2696 648
1271 2243 620
1271 2790 619
1273 2792 664
1273 2671 666
1277 2472 660
1277 2339 658
1279 2803 595
1279 2717 590
1287 2692 644
1287 2816 646
1287 2577 656
1287 2741 645
1291 2697 634
1291 2822 648
1291 2823 608
1291 2824 610
1303 2850 621
1303 2851 628
1303 2688 664
1303 2255 662
1311 2868 633
1311 2324 632
1317 2597 626
1317 2881 623
1317 2586 624
1317 2786 631
1323 2756 636
1323 2547 616
1323 2735 639
1323 2893 637
1336 2918 611
1336 2919 610
1336 2920 811
1336 2639 609
1340 2638 621
1340 2927 630
1340 2928 629
1340 2850 628
1342 2931 607
1342 2822 608
1342 2789 648
1342 2932 647
1358 2719 595
1358 2588 631
1358 2868 632
1358 2803 633
1364 2599 625
1364 2984 622
1364 2985 627
1364 2986 604
1382 2928 628
1382 3008 629
1382 2984 627
1382 2783 622
1388 2755 616
1388 3022 686
1388 2790 647
1388 2546 619
1390 3026 605
1390 2931 608
1390 3027 607
1390 3028 812
1394 2927 629
1394 2640 630
1394 3036 609
1394 3037 606
1409 2893 636
1409 2625 637
1409 2326 638
1409 2757 615
1410 3036 606
1410 2920 609
1410 3065 811
1410 3066 810
1420 2664 614
1420 2986 625
1420 3095 604
1420 3096 812
1434 2800 658
1434 2816 656
1434 2337 646
1436 3133 615
1436 3134 613
1436 3135 612
1436 2754 686
1448 3162 608
1448 3065 810
1448 2919 811
1448 2823 610
1456 3184 606
1456 3185 605
1456 2985 604
1456 3186 627
1464 3204 613
1464 3027 812
1464 3205 607
1464 3134 612
1472 3205 612
1472 2932 607
1472 3022 647
1472 3135 686
1498 3184 605
1498 3066 606
1498 3162 810
1498 3026 608
1598 3096 614
1598 3204 812
1598 3133 613
1598 2665 615
1679 2598 622
1679 2785 626
1679 2784 668
1680 3008 627
1680 3037 629
1680 3186 606
1706 3028 605
1706 3095 812
1706 3185 604
1713 2663 623
1713 2587 615
1713 2881 624
1714 2456 611
1714 2824 634
1714 2918 610
1715 2367 641
1715 2319 642
1716 2782 628
1716 2792 666
1716 2851 664
1125 594 2091
979 668 2093
979 594 2094
1269 668 2094
1039 640 2170
1039 620 2243
1271 619 2243
1039 641 2244
1087 620 2244
1039 619 2245
1165 640 2245
1043 621 2254
1203 611 2254
1043 662 2255
1303 621 2255
1043 660 2256
1127 662 2256
1043 611 2257
1077 660 2257
1055 645 2288
1251 643 2288
1176 645 2289
1055 643 2291
1069 643 2318
1133 642 2318
1069 642 2319
1071 632 2324
1311 635 2324
1071 615 2325
1181 632 2325
1071 638 2326
1409 615 2326
1071 635 2327
1077 646 2337
1434 658 2337
1077 611 2338
1227 646 2338
1077 658 2339
1277 660 2339
1087 617 2365
1229 620 2365
1087 642 2366
1133 617 2366
1087 641 2367
1715 642 2367
1119 618 2453
1227 611 2453
1119 617 2454
1133 618 2454
1119 634 2455
1229 617 2455
1119 611 2456
1714 634 2456
1125 590 2466
1239 594 2466
1225 662 2470
1127 660 2472
1133 643 2482
1251 618 2482
1165 639 2533
1165 619 2546
1388 616 2546
1165 616 2547
1323 639 2547
1176 656 2577
1287 645 2577
1181 624 2586
1317 631 2586
1181 615 2587
1713 624 2587
1181 631 2588
1358 632 2588
1185 626 2597
1317 623 2597
1185 622 2598
1679 626 2598
1185 625 2599
1364 622 2599
1185 623 2600
1215 625 2600
1409 638 2625
1203 621 2638
1340 630 2638
1203 609 2639
1336 611 2639
1203 630 2640
1394 609 2640
1215 623 2663
1713 615 2663
1215 614 2664
1420 625 2664
1215 615 2665
1598 614 2665
1217 668 2669
1268 666 2669
1217 666 2671
1225 664 2688
1303 662 2688
1273 664 2689
1227 644 2692
1287 646 2692
1227 618 2693
1251 644 2693
1229 648 2696
1271 620 2696
1229 634 2697
1291 648 2697
1239 590 2717
1279 595 2717
1239 631 2718
1269 594 2718
1239 595 2719
1358 631 2719
1323 637 2735
1251 645 2741
1287 644 2741
1257 686 2754
1436 615 2754
1257 616 2755
1388 686 2755
1257 636 2756
1323 616 2756
1257 615 2757
1409 636 2757
1268 628 2782
1716 666 2782
1268 622 2783
1382 628 2783
1268 668 2784
1679 622 2784
1269 626 2785
1679 668 2785
1269 631 2786
1317 626 2786
1271 648 2789
1342 647 2789
1271 647 2790
1388 619 2790
1273 666 2792
1716 664 2792
1277 658 2800
1279 633 2803
1358 595 2803
1287 656 2816
1434 646 2816
1291 608 2822
1342 648 2822
1291 610 2823
1448 608 2823
1291 634 2824
1714 610 2824
1303 628 2850
1340 621 2850
1303 664 2851
1716 628 2851
1311 632 2868
1358 633 2868
1317 624 2881
1713 623 2881
1323 636 2893
1409 637 2893
1336 610 2918
1714 611 2918
1336 811 2919
1448 610 2919
1336 609 2920
1410 811 2920
1340 629 2927
1394 630 2927
1340 628 2928
1382 629 2928
1342 608 2931
1390 607 2931
1342 607 2932
1472 647 2932
1364 627 2984
1382 622 2984
1364 604 2985
1456 627 2985
1364 625 2986
1420 604 2986
1382 627 3008
1680 629 3008
1388 647 3022
1472 686 3022
1390 608 3026
1498 605 3026
1390 812 3027
1464 607 3027
1390 605 3028
1706 812 3028
1394 606 3036
1410 609 3036
1394 629 3037
1680 606 3037
1410 810 3065
1448 811 3065
1410 606 3066
1498 810 3066
1420 812 3095
1706 604 3095
1420 614 3096
1598 812 3096
1436 613 3133
1598 615 3133
1436 612 3134
1464 613 3134
1436 686 3135
1472 612 3135
1448 810 3162
1498 608 3162
1456 605 3184
1498 606 3184
1456 604 3185
1706 605 3185
1456 606 3186
1680 627 3186
1464 812 3204
1598 613 3204
1464 612 3205
1472 607 3205
