978 2089 161
978 2090 235
1038 2240 208
1038 2241 187
1038 2242 186
1038 2167 207
1042 2250 229
1042 2251 188
1042 2252 178
1042 2253 227
1054 2285 212
1054 2286 210
1068 2316 210
1068 2317 209
1070 2320 182
1070 2321 199
1070 2322 202
1070 2323 205
1076 2334 178
1076 2335 213
1076 2336 225
1076 2252 227
1086 2362 209
1086 2363 184
1086 2240 187
1086 2364 208
1118 2449 184
1118 2450 185
1118 2451 178
1118 2452 201
1124 2088 161
1124 2465 157
1126 2253 229
1126 2469 227
1132 2481 210
1132 2449 185
1132 2362 184
1132 2316 209
1164 2242 207
1164 2544 186
1164 2545 183
1164 2530 206
1174 2573 223
1174 2284 212
1180 2583 182
1180 2584 191
1180 2585 198
1180 2320 199
1184 2593 189
1184 2594 193
1184 2595 190
1184 2596 192
1202 2251 178
1202 2635 188
1202 2636 197
1202 2637 176
1214 2595 192
1214 2660 190
1214 2661 182
1214 2662 181
1216 2666 235
1216 2667 233
1224 2687 231
1224 2468 229
1226 2690 211
1226 2334 213
1226 2450 178
1226 2691 185
1228 2694 215
1228 2363 187
1228 2452 184
1228 2695 201
1238 2465 161
1238 2714 157
1238 2715 162
1238 2716 198
1250 2740 212
1250 2691 211
1250 2481 185
1250 2285 210
1256 2750 183
1256 2751 254
1256 2752 182
1256 2753 203
1266 2777 189
1266 2778 195
1266 2666 233
1266 2779 235
1267 2780 193
1267 2089 235
1267 2716 161
1267 2781 198
1270 2694 187
1270 2787 215
1270 2788 214
1270 2241 186
1272 2791 233
1272 2686 231
1276 2336 227
1276 2799 225
1278 2801 200
1278 2714 162
1286 2815 223
1286 2690 213
1286 2740 211
1286 2573 212
1290 2819 175
1290 2695 215
1290 2820 201
1290 2821 177
1302 2848 231
1302 2849 195
1302 2250 188
1302 2687 229
1310 2321 202
1310 2866 199
1316 2880 191
1316 2594 190
1316 2781 193
1316 2584 198
1322 2545 206
1322 2753 183
1322 2892 203
1322 2734 204
1334 2914 397
1334 2915 177
1334 2637 178
1334 2916 176
1339 2925 196
1339 2635 197
1339 2849 188
1339 2926 195
1341 2819 215
1341 2929 175
1341 2930 174
1341 2787 214
1357 2585 199
1357 2715 198
1357 2801 162
1357 2866 200
1363 2981 194
1363 2596 189
1363 2982 192
1363 2983 171
1381 3007 194
1381 2926 196
1381 2777 195
1381 2981 189
1387 3021 214
1387 2750 254
1387 2544 183
1387 2788 186
1389 2929 174
1389 3023 175
1389 3024 172
1389 3025 398
1393 2636 176
1393 2925 197
1393 3034 196
1393 3035 173
1407 2623 205
1407 2892 204
1407 2752 203
1407 2323 182
1408 2916 397
1408 3035 176
1408 3063 173
1408 3064 396
1419 2982 171
1419 2662 192
1419 3093 181
1419 3094 398
1433 2335 225
1433 2815 213
1435 3130 179
1435 3131 180
1435 2751 182
1435 3132 254
1447 3064 397
1447 3161 396
1447 2821 175
1447 2914 177
1455 3181 171
1455 3182 172
1455 3183 173
1455 2983 194
1463 3025 174
1463 3202 398
1463 3130 180
1463 3203 179
1471 2930 214
1471 3203 174
1471 3132 179
1471 3021 254
1497 3063 396
1497 3182 173
1497 3023 172
1497 3161 175
1597 3202 180
1597 3093 398
1597 2661 181
1597 3131 182
1621 2779 189
1621 2780 235
1621 2593 193
1622 3183 194
1622 3034 173
1622 3007 196
1648 3181 172
1648 3094 171
1648 3024 398
1655 2880 190
1655 2583 191
1655 2660 182
1656 2915 178
1656 2820 177
1656 2451 201
1657 2364 209
1658 2848 195
1658 2791 231
1658 2778 233
978 161 2088
978 235 2089
1267 161 2089
1216 235 2090
1038 208 2167
1038 187 2240
1086 208 2240
1038 186 2241
1270 187 2241
1038 207 2242
1164 186 2242
1042 188 2250
1302 229 2250
1042 178 2251
1202 188 2251
1042 227 2252
1076 178 2252
1042 229 2253
1126 227 2253
1054 212 2284
1054 210 2285
1250 212 2285
1068 210 2286
1068 209 2316
1132 210 2316
1657 209 2317
1070 199 2320
1180 182 2320
1070 202 2321
1310 199 2321
1070 205 2322
1070 182 2323
1407 205 2323
1076 213 2334
1226 178 2334
1076 225 2335
1433 213 2335
1076 227 2336
1276 225 2336
1086 184 2362
1132 209 2362
1086 187 2363
1228 184 2363
1086 209 2364
1657 208 2364
1118 185 2449
1132 184 2449
1118 178 2450
1226 185 2450
1118 201 2451
1656 178 2451
1118 184 2452
1228 201 2452
1124 161 2465
1238 157 2465
1126 229 2468
1276 227 2469
1132 185 2481
1250 210 2481
1164 207 2530
1164 183 2544
1387 186 2544
1164 206 2545
1322 183 2545
1174 212 2573
1286 223 2573
1180 191 2583
1655 182 2583
1180 198 2584
1316 191 2584
1180 199 2585
1357 198 2585
1184 193 2593
1621 189 2593
1184 190 2594
1316 193 2594
1184 192 2595
1214 190 2595
1184 189 2596
1363 192 2596
1407 204 2623
1202 197 2635
1339 188 2635
1202 176 2636
1393 197 2636
1202 178 2637
1334 176 2637
1214 182 2660
1655 190 2660
1214 181 2661
1597 182 2661
1214 192 2662
1419 181 2662
1216 233 2666
1266 235 2666
1272 233 2667
1224 231 2686
1224 229 2687
1302 231 2687
1226 213 2690
1286 211 2690
1226 211 2691
1250 185 2691
1228 187 2694
1270 215 2694
1228 215 2695
1290 201 2695
1238 162 2714
1278 157 2714
1238 198 2715
1357 162 2715
1238 161 2716
1267 198 2716
1322 206 2734
1250 211 2740
1286 212 2740
1256 254 2750
1387 183 2750
1256 182 2751
1435 254 2751
1256 203 2752
1407 182 2752
1256 183 2753
1322 203 2753
1266 195 2777
1381 189 2777
1266 233 2778
1658 195 2778
1266 189 2779
1621 235 2779
1267 235 2780
1621 193 2780
1267 193 2781
1316 198 2781
1270 214 2787
1341 215 2787
1270 186 2788
1387 214 2788
1272 231 2791
1658 233 2791
1433 225 2799
1278 162 2801
1357 200 2801
1286 213 2815
1433 223 2815
1290 215 2819
1341 175 2819
1290 177 2820
1656 201 2820
1290 175 2821
1447 177 2821
1302 195 2848
1658 231 2848
1302 188 2849
1339 195 2849
1310 200 2866
1357 199 2866
1316 190 2880
1655 191 2880
1322 204 2892
1407 203 2892
1334 177 2914
1447 397 2914
1334 178 2915
1656 177 2915
1334 397 2916
1408 176 2916
1339 197 2925
1393 196 2925
1339 196 2926
1381 195 2926
1341 174 2929
1389 175 2929
1341 214 2930
1471 174 2930
1363 189 2981
1381 194 2981
1363 171 2982
1419 192 2982
1363 194 2983
1455 171 2983
1381 196 3007
1622 194 3007
1387 254 3021
1471 214 3021
1389 172 3023
1497 175 3023
1389 398 3024
1648 172 3024
1389 174 3025
1463 398 3025
1393 173 3034
1622 196 3034
1393 176 3035
1408 173 3035
1408 396 3063
1497 173 3063
1408 397 3064
1447 396 3064
1419 398 3093
1597 181 3093
1419 171 3094
1648 398 3094
1435 180 3130
1463 179 3130
1435 182 3131
1597 180 3131
1435 179 3132
1471 254 3132
1447 175 3161
1497 396 3161
1455 172 3181
1648 171 3181
1455 173 3182
1497 172 3182
1455 194 3183
1622 173 3183
1463 180 3202
1597 398 3202
1463 174 3203
1471 179 3203
